#ID	transcript_length	peptide_length	Fickett_score	pI	ORF_integrity	coding_probability	label
ENSDART00000003335	1865	163	0.34967	7.848848533630372	1	0.821226	coding
ENSDART00000004108	3453	1151	0.42942	4.919039726257323	1	1	coding
ENSDART00000005857	2961	870	0.34673	8.291101646423343	1	1	coding
ENSDART00000007500	2977	795	0.48684	5.613782691955566	1	1	coding
ENSDART00000008988	6604	526	0.35415	4.6367204666137685	1	1	coding
ENSDART00000011082	6777	1399	0.3509	5.960443687438965	1	1	coding
ENSDART00000013111	3670	1085	0.47182	5.583544349670409	1	1	coding
ENSDART00000016422	2956	476	0.40957	6.346778297424316	1	1	coding
ENSDART00000016464	2871	323	0.42158	6.194563484191894	1	0.999999	coding
ENSDART00000019113	958	214	0.38946	9.137958335876466	1	0.990891	coding
ENSDART00000019898	897	197	0.46414999999999995	9.671627616882326	1	0.997322	coding
ENSDART00000023766	3751	867	0.38905	4.830427742004394	1	1	coding
ENSDART00000024358	1149	253	0.4856	5.740704154968263	1	0.999973	coding
ENSDART00000027982	5595	1865	0.47274999999999995	5.083645439147948	1	1	coding
ENSDART00000028566	951	317	0.45753	8.855844688415527	1	0.999997	coding
ENSDART00000035522	5095	677	0.38084	7.06408634185791	1	1	coding
ENSDART00000037553	2352	533	0.44848000000000005	7.217437934875489	1	1	coding
ENSDART00000039822	3619	565	0.45084	8.933013343811037	1	1	coding
ENSDART00000044423	1078	113	0.46718	9.606385612487792	1	0.777111	coding
ENSDART00000044559	3741	819	0.47679	6.091343879699706	1	1	coding
ENSDART00000047442	6522	1778	0.4192	6.667975425720216	1	1	coding
ENSDART00000048855	2615	628	0.43396	8.952095985412601	1	1	coding
ENSDART00000051186	1718	238	0.44881999999999994	5.5469968795776365	1	0.999937	coding
ENSDART00000051549	2211	375	0.36771	6.377130317687987	1	1	coding
ENSDART00000052063	369	70	0.36892	10.697126197814942	1	0.0693445	noncoding
ENSDART00000056432	7250	1913	0.42904000000000003	6.353030586242675	1	1	coding
ENSDART00000056745	3731	709	0.42555	6.71930103302002	1	1	coding
ENSDART00000059262	2485	548	0.46477	5.830509757995605	1	1	coding
ENSDART00000059402	1268	167	0.37817	5.224151420593261	1	0.980547	coding
ENSDART00000061981	2116	237	0.33337000000000006	9.110494804382324	1	0.976541	coding
ENSDART00000062560	5265	984	0.37803	6.002220344543456	1	1	coding
ENSDART00000065122	4128	1016	0.4851	5.719048500061036	1	1	coding
ENSDART00000065411	3116	847	0.4541	6.378267097473144	1	1	coding
ENSDART00000074384	2055	298	0.41423	5.833408546447754	1	0.999997	coding
ENSDART00000074567	2480	700	0.47925	9.100502204895019	1	1	coding
ENSDART00000078221	6560	550	0.34547000000000005	4.600002479553221	1	1	coding
ENSDART00000078540	6276	2092	0.447	6.388952827453613	1	1	coding
ENSDART00000082319	1321	241	0.43622999999999995	7.573591041564942	1	0.999766	coding
ENSDART00000087300	3594	533	0.40493999999999997	9.13853855133057	1	1	coding
ENSDART00000097244	1198	297	0.46324000000000004	6.521330833435059	1	0.999998	coding
ENSDART00000099023	1857	585	0.4462	7.644526100158691	1	1	coding
ENSDART00000099903	2720	537	0.4556	6.335524177551269	1	1	coding
ENSDART00000100417	3271	436	0.35573999999999995	6.55065975189209	1	1	coding
ENSDART00000100965	1928	167	0.32498	9.365725135803224	1	0.641398	coding
ENSDART00000101198	2693	664	0.46627	8.922698402404787	1	1	coding
ENSDART00000102106	5966	1797	0.44273999999999997	6.515874290466309	1	1	coding
ENSDART00000102279	1876	608	0.40903	9.481316947937014	1	1	coding
ENSDART00000102658	2608	823	0.38521	8.699444389343263	1	1	coding
ENSDART00000103161	1904	381	0.48434	7.634295082092286	1	1	coding
ENSDART00000103969	5488	1248	0.45086	5.497887992858886	1	1	coding
ENSDART00000103997	1838	439	0.40413	9.356183815002442	1	1	coding
ENSDART00000109537	2043	681	0.45344999999999996	5.174644660949705	1	1	coding
ENSDART00000109573	7551	2144	0.43075	5.144008445739746	1	1	coding
ENSDART00000109620	2021	421	0.45581	5.901558494567872	1	1	coding
ENSDART00000110204	8698	2101	0.40554	6.514851188659668	1	1	coding
ENSDART00000110884	6259	1025	0.36414	7.212379264831544	1	1	coding
ENSDART00000111190	1114	133	0.34787	9.299580574035645	1	0.436912	noncoding
ENSDART00000111506	1999	363	0.37585	8.514678001403809	1	0.999994	coding
ENSDART00000112152	2521	328	0.42081	6.644955635070801	1	0.999999	coding
ENSDART00000112453	6303	2101	0.447	6.514851188659668	1	1	coding
ENSDART00000112469	6846	2106	0.49028	5.510278892517088	1	1	coding
ENSDART00000112579	2627	584	0.45770999999999995	4.825312232971191	1	1	coding
ENSDART00000113266	4006	537	0.41562	8.831153297424319	1	1	coding
ENSDART00000114083	4010	1167	0.49965999999999994	5.774239158630371	1	1	coding
ENSDART00000122665	2375	710	0.39063	9.59052639007568	1	1	coding
ENSDART00000123278	6933	2092	0.43289	6.388952827453613	1	1	coding
ENSDART00000123759	4332	1189	0.45299	5.870808601379394	1	1	coding
ENSDART00000124181	7848	1436	0.40084000000000003	6.4070844650268555	1	1	coding
ENSDART00000124584	6344	2114	0.49473999999999996	5.469468498229981	1	1	coding
ENSDART00000124704	2045	585	0.46465	7.644526100158691	1	1	coding
ENSDART00000124740	7903	1506	0.41355	6.449600028991698	1	1	coding
ENSDART00000127454	2012	518	0.4051	8.76146297454834	1	1	coding
ENSDART00000127834	4058	1219	0.44044	6.2219030380249025	1	1	coding
ENSDART00000128783	4212	518	0.39554999999999996	5.829657173156738	1	1	coding
ENSDART00000130059	1351	317	0.42823	5.384607887268066	1	1	coding
ENSDART00000131113	4206	1382	0.46335	6.099187660217283	1	1	coding
ENSDART00000131417	753	193	0.49324	9.060144996643068	-1	0.299931	noncoding
ENSDART00000131431	774	191	0.32873	9.708116722106933	-1	0.178271	noncoding
ENSDART00000131809	757	174	0.44199	5.044028663635253	-1	0.186531	noncoding
ENSDART00000131985	846	184	0.35492	9.409757041931151	-1	0.18745	noncoding
ENSDART00000132361	1177	277	0.44588	6.464037132263183	-1	0.490951	noncoding
ENSDART00000132584	2576	518	0.42411000000000004	5.829657173156738	1	1	coding
ENSDART00000132675	719	140	0.42833000000000004	9.129899787902833	-1	0.1445	noncoding
ENSDART00000132677	738	162	0.47347	5.367840385437011	-1	0.171815	noncoding
ENSDART00000132834	874	171	0.33258	9.250906944274899	-1	0.175207	noncoding
ENSDART00000132997	311	36	0.39849	4.426984596252441	1	0.0263014	noncoding
ENSDART00000133063	1017	339	0.43332	5.368067741394043	-1	0.774893	coding
ENSDART00000133108	588	182	0.44463	9.010826683044431	-1	0.218428	noncoding
ENSDART00000133109	510	70	0.44966	10.697126197814942	1	0.209566	noncoding
ENSDART00000133128	789	233	0.46782	10.004542350769043	-1	0.439195	noncoding
ENSDART00000133478	2207	161	0.36432	6.759486198425294	1	0.904332	coding
ENSDART00000133550	1707	362	0.39006	5.041584587097168	1	1	coding
ENSDART00000133762	1784	591	0.47759	8.587333869934085	1	1	coding
ENSDART00000133794	664	107	0.43744999999999995	8.475094413757326	-1	0.0842815	noncoding
ENSDART00000134068	733	116	0.35457000000000005	5.742920875549316	1	0.509236	coding
ENSDART00000134087	6466	1332	0.45186	5.4243383407592765	1	1	coding
ENSDART00000134291	195	6	0.35706000000000004	5.2226167678832995	1	1.20304e-05	noncoding
ENSDART00000134404	882	152	0.42719999999999997	9.426325416564943	1	0.92194	coding
ENSDART00000135083	802	191	0.43692000000000003	9.161424827575683	-1	0.235664	noncoding
ENSDART00000135298	498	86	0.41929000000000005	9.626564216613769	1	0.232002	noncoding
ENSDART00000135311	708	87	0.42213	7.846463203430177	1	0.222484	noncoding
ENSDART00000135394	1110	219	0.35281000000000007	4.98281307220459	-1	0.210359	noncoding
ENSDART00000135655	1335	146	0.39666999999999997	11.852915382385255	1	0.618636	coding
ENSDART00000135824	912	194	0.45357	5.740078926086426	-1	0.22938	noncoding
ENSDART00000135934	2204	370	0.36771	6.636713981628419	1	0.999999	coding
ENSDART00000136060	424	139	0.47353999999999996	5.029648399353028	-1	0.131019	noncoding
ENSDART00000136356	1195	289	0.35841	9.095409202575684	-1	0.28291	noncoding
ENSDART00000136492	955	234	0.373	6.315630531311036	1	0.999055	coding
ENSDART00000136555	9474	2541	0.47746	5.354312705993652	1	1	coding
ENSDART00000136618	408	112	0.44034999999999996	10.288783454895018	-1	0.167483	noncoding
ENSDART00000137347	341	92	0.46752	9.250262260437012	-1	0.0971077	noncoding
ENSDART00000137912	947	253	0.4530200000000001	8.740510749816895	-1	0.403936	noncoding
ENSDART00000138036	750	171	0.45508000000000004	10.236112785339355	-1	0.274512	noncoding
ENSDART00000138554	4519	1151	0.46803	4.919039726257323	1	1	coding
ENSDART00000139047	3496	843	0.38626	4.748863792419433	1	1	coding
ENSDART00000139378	697	80	0.44178	9.250068855285644	1	0.233311	noncoding
ENSDART00000139723	541	71	0.43621999999999994	5.727346992492676	1	0.156979	noncoding
ENSDART00000139806	944	66	0.4021	9.615991401672364	1	0.0769188	noncoding
ENSDART00000139963	2183	493	0.46309999999999996	7.247221565246583	1	1	coding
ENSDART00000140681	636	120	0.44933999999999996	5.707680702209472	1	0.842111	coding
ENSDART00000140703	1020	288	0.47417000000000004	4.680372810363769	-1	0.756843	coding
ENSDART00000140803	3156	793	0.45892000000000005	5.793905448913574	1	1	coding
ENSDART00000140811	3414	284	0.28334000000000004	8.410626029968267	1	0.983008	coding
ENSDART00000140874	867	57	0.44523999999999997	9.299773979187012	1	0.0821275	noncoding
ENSDART00000141099	909	120	0.41384	4.0500284194946286	-1	0.0751883	noncoding
ENSDART00000141421	726	225	0.46303	6.593232154846191	1	0.999746	coding
ENSDART00000141505	506	140	0.42000999999999994	9.898878669738767	-1	0.176453	noncoding
ENSDART00000142228	1058	316	0.43167	4.624954795837403	-1	0.761951	coding
ENSDART00000142337	3051	605	0.3621	5.809706687927247	1	1	coding
ENSDART00000142367	959	139	0.37722	6.8237710952758786	1	0.777079	coding
ENSDART00000142429	933	236	0.38041	4.9650793075561515	-1	0.276934	noncoding
ENSDART00000142465	9428	2269	0.46052	6.009723091125487	1	1	coding
ENSDART00000143545	563	85	0.4086699999999999	4.801667213439941	-1	0.0361294	noncoding
ENSDART00000143569	897	246	0.41093999999999997	8.897233390808108	-1	0.305279	noncoding
ENSDART00000143732	1398	72	0.33371	10.02620372772217	1	0.0523882	noncoding
ENSDART00000143964	866	194	0.40776999999999997	9.048927497863769	-1	0.21098	noncoding
ENSDART00000144188	719	146	0.45531000000000005	5.1476461410522445	1	0.977249	coding
ENSDART00000144272	1881	466	0.44974	7.735980033874512	1	1	coding
ENSDART00000144281	864	189	0.47383	8.987875938415527	1	0.996835	coding
ENSDART00000144312	2576	755	0.48162	5.920201683044433	-1	0.999865	coding
ENSDART00000144379	1401	305	0.34475	8.943392753601074	1	0.999296	coding
ENSDART00000144386	795	186	0.42852000000000007	9.402085304260254	-1	0.228268	noncoding
ENSDART00000144499	448	76	0.39369	6.229348945617676	-1	0.0347045	noncoding
ENSDART00000144612	620	119	0.46606000000000003	8.669466590881349	-1	0.107626	noncoding
ENSDART00000144677	718	133	0.47418	10.111559867858883	1	0.931779	coding
ENSDART00000144821	637	199	0.45238	6.000742530822753	-1	0.233036	noncoding
ENSDART00000145647	405	60	0.41261000000000003	9.475643730163576	-1	0.0829391	noncoding
ENSDART00000145809	640	76	0.37025	5.257800102233887	1	0.133314	noncoding
ENSDART00000145902	497	86	0.41929000000000005	9.626564216613769	1	0.232002	noncoding
ENSDART00000145905	1485	434	0.45278	6.247139549255372	1	1	coding
ENSDART00000145995	582	151	0.40601000000000004	9.823579597473145	1	0.860562	coding
ENSDART00000146011	859	203	0.45248	4.626432609558106	-1	0.339118	noncoding
ENSDART00000146480	5100	677	0.38084	7.06408634185791	1	1	coding
ENSDART00000146490	5146	51	0.26243000000000005	8.933593559265141	1	0.0221363	noncoding
ENSDART00000146541	1710	296	0.49141999999999997	7.7578630447387695	1	0.999997	coding
ENSDART00000146737	801	112	0.3621	9.521158409118652	-1	0.143893	noncoding
ENSDART00000146859	1945	506	0.43576	9.837698173522949	1	1	coding
ENSDART00000147375	2135	152	0.36377000000000004	5.788733100891113	1	0.908032	coding
ENSDART00000147538	753	42	0.35704	5.936514472961425	1	0.0133011	noncoding
ENSDART00000147619	948	217	0.47353	4.638311958312988	1	0.999867	coding
ENSDART00000147877	752	133	0.39438	5.895533561706543	1	0.843616	coding
ENSDART00000147913	966	284	0.45532999999999996	5.681875801086425	-1	0.600863	coding
ENSDART00000148368	444	43	0.33466999999999997	5.987044334411621	-1	0.0377821	noncoding
ENSDART00000148678	812	199	0.46581	5.41569881439209	-1	0.280519	noncoding
ENSDART00000148728	2327	491	0.43213	4.830427742004394	1	1	coding
ENSDART00000148734	696	134	0.40593999999999997	4.800700950622559	1	0.938086	coding
ENSDART00000148767	6238	2076	0.44948000000000005	6.30488796234131	1	1	coding
ENSDART00000149088	3170	886	0.34107	8.7180757522583	1	1	coding
ENSDART00000149157	655	105	0.46852	5.780605125427246	1	0.657477	coding
ENSDART00000149305	619	187	0.45659	4.579483604431153	-1	0.287257	noncoding
ENSDART00000149595	587	109	0.41606	6.393499946594238	1	0.571494	coding
ENSDART00000149610	2145	308	0.37131000000000003	8.926695442199708	1	0.999836	coding
ENSDART00000150099	372	104	0.41344	4.97371883392334	-1	0.0502821	noncoding
ENSDART00000150264	873	285	0.43502	8.692288398742676	-1	0.454513	noncoding
ENSDART00000150489	3830	825	0.47493	6.154207801818846	1	1	coding
ENSDART00000150811	549	151	0.43838	6.497458457946778	-1	0.106544	noncoding
ENSDART00000151241	676	194	0.44554	8.69338436126709	-1	0.231232	noncoding
ENSDART00000151342	3948	881	0.42750999999999995	6.482907676696779	1	1	coding
ENSDART00000154241	635	49	0.31196999999999997	11.306159019470215	-1	0.183492	noncoding
ENSDART00000154779	5016	1302	0.42399000000000003	6.069233512878417	1	1	coding
ENSDART00000154984	7844	2067	0.46345000000000003	5.458782768249511	1	1	coding
ENSDART00000155256	1165	175	0.39322	5.1823747634887685	1	0.991975	coding
ENSDART00000155344	1645	503	0.47153999999999996	5.175610923767089	-1	0.992142	coding
ENSDART00000155629	593	126	0.4296400000000001	5.884108924865722	-1	0.0722848	noncoding
ENSDART00000155722	774	134	0.31629999999999997	9.854266548156737	1	0.286372	noncoding
ENSDART00000155864	589	52	0.37342	11.306159019470215	1	0.0363661	noncoding
ENSDART00000156082	422	36	0.31227	11.567513847351076	1	0.0196244	noncoding
ENSDART00000156345	1816	350	0.38187000000000004	8.538144493103026	1	0.999992	coding
ENSDART00000157006	360	26	0.37976	4.0500284194946286	1	0.0144001	noncoding
ENSDART00000157083	926	229	0.47383	7.822996711730958	1	0.999746	coding
ENSDART00000157309	919	253	0.43971999999999994	6.646831321716309	1	0.99994	coding
ENSDART00000157328	15893	4928	0.46998	5.770203590393066	1	1	coding
ENSDART00000157689	1650	345	0.49304000000000003	5.54557590484619	1	1	coding
ENSDART00000157722	949	141	0.45987	6.078327751159667	1	0.948308	coding
ENSDART00000158123	899	232	0.44588999999999995	7.103873634338378	-1	0.303444	noncoding
ENSDART00000158149	892	141	0.46133	6.078327751159667	1	0.94857	coding
ENSDART00000158433	1884	390	0.46777	5.555181694030761	1	1	coding
ENSDART00000158711	807	148	0.48341000000000006	7.779351615905763	1	0.963273	coding
ENSDART00000158846	500	94	0.43130999999999997	5.518975257873534	-1	0.044653	noncoding
ENSDART00000159094	3120	492	0.39685000000000004	4.830427742004394	1	1	coding
ENSDART00000159589	2646	449	0.38758	8.621437644958498	1	1	coding
ENSDART00000159794	2929	442	0.41197000000000006	9.130157661437988	1	1	coding
ENSDART00000160009	819	104	0.38537999999999994	8.116198921203612	-1	0.0820536	noncoding
ENSDART00000160241	470	29	0.38394	9.006700706481933	1	0.00936777	noncoding
ENSDART00000160446	962	141	0.46252000000000004	6.078327751159667	1	0.948749	coding
ENSDART00000160645	3412	956	0.44051	4.8974409103393555	1	1	coding
ENSDART00000161684	2979	795	0.48684	5.613782691955566	1	1	coding
ENSDART00000161795	2592	111	0.30159	6.057354164123535	1	0.271054	noncoding
ENSDART00000161961	660	183	0.42839	6.587150382995605	1	0.993786	coding
ENSDART00000162023	1533	361	0.46914999999999996	8.754629325866702	1	1	coding
ENSDART00000162164	1006	305	0.46033	5.709897422790529	-1	0.694765	coding
ENSDART00000162204	2621	640	0.45241000000000003	8.885177803039554	1	1	coding
ENSDART00000162217	4146	564	0.40088999999999997	6.3368314743042	1	1	coding
ENSDART00000162239	2507	564	0.45149	7.457014274597168	1	1	coding
ENSDART00000162468	1170	390	0.44508000000000003	8.305929374694827	1	1	coding
ENSDART00000163006	1497	261	0.42804000000000003	11.066143226623534	1	0.999268	coding
ENSDART00000163221	6240	511	0.38256999999999997	6.935573387145996	1	1	coding
ENSDART00000163968	1105	141	0.48097	6.078327751159667	1	0.947356	coding
ENSDART00000163992	892	280	0.47254999999999997	7.673855018615723	-1	0.524535	coding
ENSDART00000164294	547	165	0.44737	6.064061164855956	-1	0.139709	noncoding
ENSDART00000164453	3228	1042	0.45377000000000006	5.939299583435059	-1	0.999998	coding
ENSDART00000165150	7787	1933	0.42828000000000005	6.412711524963378	1	1	coding
ENSDART00000166028	3541	1158	0.47912	5.859611320495604	1	1	coding
ENSDART00000166317	979	216	0.455	7.052263832092284	-1	0.266204	noncoding
ENSDART00000166517	2475	518	0.44683999999999996	6.618354988098145	1	1	coding
ENSDART00000166566	1761	587	0.41496	6.2934064865112305	1	1	coding
ENSDART00000167191	872	280	0.477	6.761305046081543	-1	0.552	coding
ENSDART00000167514	9626	2269	0.45804	6.009723091125487	1	1	coding
ENSDART00000167791	2119	628	0.47644	5.674259376525879	-1	0.998882	coding
ENSDART00000167811	824	163	0.34802	9.486409950256348	1	0.72718	coding
ENSDART00000168263	3560	1153	0.47011	6.327964591979981	1	1	coding
ENSDART00000168371	1514	202	0.38856999999999997	5.496921730041502	1	0.99789	coding
ENSDART00000168600	7632	2544	0.44942	5.3415239334106435	1	1	coding
ENSDART00000168837	1014	195	0.45961	9.277919197082518	1	0.996766	coding
ENSDART00000169200	741	141	0.44197	5.49828586578369	1	0.957386	coding
ENSDART00000170155	284	50	0.44265999999999994	4.601025581359862	-1	0.0251761	noncoding
ENSDART00000170222	1021	152	0.35756	7.67055835723877	1	0.771662	coding
ENSDART00000170403	359	116	0.38417999999999997	5.742920875549316	1	0.629343	coding
ENSDART00000170589	832	60	0.31325	8.837084388732912	1	0.0251398	noncoding
ENSDART00000170612	3174	499	0.42716	9.314924049377442	1	1	coding
ENSDART00000171113	894	141	0.43062	5.49828586578369	1	0.952218	coding
ENSDART00000171166	633	156	0.44902	6.2465711593627935	1	0.97757	coding
ENSDART00000171648	4762	274	0.27517	8.527765083312985	1	0.963628	coding
ENSDART00000171766	593	175	0.43322	9.030360603332518	-1	0.196416	noncoding
ENSDART00000171862	1667	497	0.45999999999999996	6.296248435974121	1	1	coding
ENSDART00000172107	4074	864	0.39229	4.77648754119873	1	1	coding
ENSDART00000172169	2316	640	0.45510999999999996	8.885177803039554	1	1	coding
ENSDART00000172473	1933	196	0.37806999999999996	9.277919197082518	1	0.96653	coding
ENSDART00000172712	754	52	0.41118	4.91523151397705	1	0.0614133	noncoding
ENSDART00000174223	1766	581	0.43218999999999996	5.360735511779786	-1	0.995357	coding
ENSDART00000174340	6291	688	0.38137999999999994	6.313129615783692	1	1	coding
ENSDART00000176141	6559	1277	0.47329	5.639587593078613	1	1	coding
ENSDART00000176557	1524	508	0.43749	6.443461418151855	1	1	coding
ENSDART00000177458	2208	374	0.36771	6.377130317687987	1	1	coding
ENSDART00000178615	7531	794	0.38674	6.085546302795408	1	1	coding
ENSDART00000179540	4017	210	0.36852	8.577599143981931	1	0.983016	coding
ENSDART00000179686	6459	2153	0.49778	5.52033939361572	1	1	coding
ENSDART00000180355	8813	2090	0.43928	6.426352882385253	1	1	coding
ENSDART00000180470	3327	1005	0.46328	5.0507925033569325	1	1	coding
ENSDART00000180606	975	325	0.46191	9.058017539978025	1	0.999998	coding
ENSDART00000180856	6525	2175	0.47175	5.175269889831542	1	1	coding
ENSDART00000181048	1704	146	0.39617	11.852915382385255	1	0.615685	coding
ENSDART00000181846	5949	1785	0.45789	5.27900104522705	1	1	coding
ENSDART00000182279	8005	1506	0.41355	6.449600028991698	1	1	coding
ENSDART00000182709	3816	1016	0.48464	5.719048500061036	1	1	coding
ENSDART00000182821	7625	1399	0.34624999999999995	5.960443687438965	1	1	coding
ENSDART00000183413	4053	857	0.39229	4.773418235778809	1	1	coding
ENSDART00000183644	1195	295	0.39735000000000004	6.607498741149903	1	0.999986	coding
ENSDART00000183748	1956	262	0.35114	9.194432640075682	1	0.995787	coding
ENSDART00000184127	1625	360	0.45677	9.052150917053222	1	1	coding
ENSDART00000184170	8861	2106	0.42718999999999996	6.522524452209471	1	1	coding
ENSDART00000184303	949	197	0.48224	9.671627616882326	1	0.998399	coding
ENSDART00000184578	2541	647	0.44002	5.237281227111816	1	1	coding
ENSDART00000184771	1969	541	0.44512	4.883174324035645	1	1	coding
ENSDART00000184979	1645	439	0.42854	9.356183815002442	1	1	coding
ENSDART00000185088	2628	874	0.46396	9.503107261657714	1	1	coding
ENSDART00000185314	4132	845	0.39481999999999995	4.798825263977051	1	1	coding
ENSDART00000185407	6533	2144	0.46900000000000003	5.144008445739746	1	1	coding
ENSDART00000185842	1685	518	0.47287	5.829657173156738	1	1	coding
ENSDART00000186547	5168	847	0.40547999999999995	6.378267097473144	1	1	coding
ENSDART00000186776	7606	819	0.38674	6.091343879699706	1	1	coding
ENSDART00000186901	6317	2072	0.47019	5.058124732971191	1	1	coding
ENSDART00000187067	4174	444	0.40686	6.325293159484863	1	1	coding
ENSDART00000187579	1769	584	0.46396	4.825312232971191	1	1	coding
ENSDART00000188207	6560	1797	0.43750000000000006	6.515874290466309	1	1	coding
ENSDART00000188379	3188	434	0.39829000000000003	6.247139549255372	1	1	coding
ENSDART00000188547	3606	1202	0.45894	6.221220970153809	1	1	coding
ENSDART00000189245	1574	505	0.46991	8.7793851852417	1	1	coding
ENSDART00000189486	1441	476	0.46557	6.346778297424316	1	1	coding
ENSDART00000189859	2658	686	0.44002	5.294063377380371	1	1	coding
ENSDART00000189994	5237	1193	0.43909	6.168474388122559	1	1	coding
ENSDART00000190179	4413	299	0.37676	5.833408546447754	1	0.999989	coding
ENSDART00000193287	6033	872	0.39791999999999994	6.603520011901856	1	1	coding
ENSDART00000193323	1926	642	0.46038999999999997	5.079382514953611	1	1	coding
ENSDART00000193483	1578	486	0.41837	6.1086229324340815	1	1	coding
ENSDART00000193647	6366	2122	0.49473999999999996	5.617363548278808	1	1	coding
MSTRG.107019.1	302	49	0.45474000000000003	10.650708961486817	-1	0.116008	noncoding
MSTRG.107019.5	361	34	0.34182	10.289041328430173	1	0.0146506	noncoding
MSTRG.115587.1	179	0	0.43370000000000003	0.0	-1	0.0236256	noncoding
MSTRG.115587.2	568	103	0.4629	8.57179698944092	-1	0.0848378	noncoding
MSTRG.115587.3	79	24	0.44329	7.978494453430176	1	0.0083826	noncoding
MSTRG.115587.4	216	34	0.44635	4.386458396911621	-1	0.0202199	noncoding
MSTRG.115587.5	602	46	0.45369	4.0500284194946286	1	0.0906884	noncoding
MSTRG.115800.12	1993	494	0.43332	6.335296821594238	1	1	coding
MSTRG.115800.14	3678	487	0.3838	7.796887016296387	1	1	coding
MSTRG.115800.5	1856	602	0.42208999999999997	6.835650444030762	1	1	coding
MSTRG.116082.3	1058	36	0.27730000000000005	4.0500284194946286	1	0.040353	noncoding
MSTRG.116082.4	95	13	0.39182	9.500077247619632	-1	0.0681761	noncoding
MSTRG.119273.3	744	194	0.46312	8.69338436126709	-1	0.250824	noncoding
MSTRG.119273.5	401	27	0.41646000000000005	6.494900703430175	1	0.00739941	noncoding
MSTRG.120115.3	3883	347	0.32660999999999996	8.713240623474118	-1	0.281694	noncoding
MSTRG.120115.5	100	28	0.44298	4.902726936340332	-1	0.015944	noncoding
MSTRG.122460.3	99	0	0.45032	0.0	-1	0.0507885	noncoding
MSTRG.122460.4	100	0	0.44051	0.0	-1	0.0326879	noncoding
MSTRG.12323.4	2444	792	0.47557000000000005	5.793905448913574	1	1	coding
MSTRG.12323.7	89	6	0.41370999999999997	7.834085273742677	-1	0.0212488	noncoding
MSTRG.123466.5	749	141	0.46515	5.49828586578369	1	0.960619	coding
MSTRG.123466.8	95	2	0.4404	5.275022315979004	-1	0.0095432	noncoding
MSTRG.124312.2	1491	30	0.29441	9.09972858428955	1	0.00938976	noncoding
MSTRG.124312.4	3798	112	0.27265000000000006	8.931272697448733	1	0.115103	noncoding
MSTRG.127868.10	929	288	0.41985	9.144920921325685	-1	0.423801	noncoding
MSTRG.127868.13	62	0	0.38517	0.0	-1	1.5337e-05	noncoding
MSTRG.127868.8	195	24	0.36050000000000004	9.99261569976807	1	0.00941188	noncoding
MSTRG.132601.4	100	30	0.37335999999999997	5.8949083328247065	-1	0.0193925	noncoding
MSTRG.132601.5	69	21	0.39203	10.834443855285645	-1	0.12991	noncoding
MSTRG.132601.6	831	63	0.37622000000000005	9.89423694610596	1	0.0527614	noncoding
MSTRG.133120.8	101	5	0.38667	8.500108146667483	1	1.64394e-05	noncoding
MSTRG.133120.9	2134	711	0.45037	5.507039070129394	1	1	coding
MSTRG.133574.1	10262	2554	0.48534	5.502207756042479	1	1	coding
MSTRG.133574.3	762	228	0.44348	5.816300010681153	-1	0.327173	noncoding
MSTRG.133574.7	1267	189	0.41791999999999996	8.987875938415527	1	0.986635	coding
MSTRG.134678.1	3198	506	0.35136	9.837698173522949	1	1	coding
MSTRG.134678.3	99	26	0.37418	9.968955802917481	-1	0.107944	noncoding
MSTRG.134678.4	709	27	0.37058	9.386161613464353	1	0.00902071	noncoding
MSTRG.134678.5	4561	72	0.35697	8.21148319244385	1	0.052307	noncoding
MSTRG.137143.37	5009	436	0.32324	6.55065975189209	1	1	coding
MSTRG.139613.4	100	20	0.37777	5.75036678314209	1	0.00431725	noncoding
MSTRG.142442.3	1398	90	0.31061	4.881696510314941	1	0.210288	noncoding
MSTRG.143912.12	100	7	0.41390000000000005	5.275022315979004	1	0.00282669	noncoding
MSTRG.143912.13	126	17	0.31099	5.748206901550293	1	0.00373667	noncoding
MSTRG.143912.15	82	24	0.40829	10.044254875183103	-1	0.0846794	noncoding
MSTRG.143912.9	7051	805	0.38539	5.47543659210205	1	1	coding
MSTRG.145816.1	1114	45	0.26715	5.829486656188965	1	0.0262569	noncoding
MSTRG.145816.2	51	7	0.37189	4.746192359924316	1	0.00271362	noncoding
MSTRG.14733.9	99	9	0.42475	4.0500284194946286	-1	0.011058	noncoding
MSTRG.152901.10	100	6	0.29316	5.275022315979004	-1	0.0424051	noncoding
MSTRG.152901.11	100	2	0.405	5.275022315979004	1	1.12292e-05	noncoding
MSTRG.152901.6	2446	361	0.40597	8.754629325866702	1	0.999998	coding
MSTRG.155593.4	5769	301	0.31281000000000003	9.127063179016115	1	0.995135	coding
MSTRG.159280.1	295	33	0.40359999999999996	10.637106132507324	1	0.0207541	noncoding
MSTRG.159280.10	1361	77	0.3569	5.882460594177245	1	0.0942141	noncoding
MSTRG.159280.12	1860	67	0.34439	9.142922401428223	1	0.041676	noncoding
MSTRG.159280.2	2032	95	0.35591	10.255066490173338	-1	0.161695	noncoding
MSTRG.159280.7	2363	328	0.4266	6.644955635070801	1	0.999999	coding
MSTRG.161906.1	199	13	0.38838999999999996	7.660270500183106	1	0.00283648	noncoding
MSTRG.161906.10	99	13	0.34294	7.660270500183106	1	0.00261003	noncoding
MSTRG.161906.2	2356	106	0.29857	8.585528755187987	1	0.117267	noncoding
MSTRG.161906.4	3609	62	0.28766	6.380824851989746	1	0.0322504	noncoding
MSTRG.161906.5	100	13	0.37163999999999997	7.660270500183106	1	0.00267423	noncoding
MSTRG.161906.6	649	103	0.39493999999999996	8.667468070983887	1	0.315271	noncoding
MSTRG.161906.7	99	0	0.40253	0.0	-1	0.00503489	noncoding
MSTRG.161906.9	99	0	0.40253	0.0	-1	0.00503489	noncoding
MSTRG.1625.10	1525	290	0.4836	8.704021644592284	1	0.999994	coding
MSTRG.1625.6	1251	253	0.45802	5.740704154968263	1	0.999975	coding
MSTRG.1625.9	835	169	0.46162	9.408338737487792	-1	0.228472	noncoding
MSTRG.163566.3	4078	640	0.43396	8.907225990295409	1	1	coding
MSTRG.163566.5	89	3	0.42177	5.275022315979004	1	1.55795e-05	noncoding
MSTRG.163566.9	100	28	0.43445	4.889426612854003	-1	0.0152381	noncoding
MSTRG.17536.1	360	14	0.38237	4.0500284194946286	1	0.00677136	noncoding
MSTRG.17536.11	100	25	0.42827	6.52053508758545	-1	0.0158563	noncoding
MSTRG.17536.12	636	43	0.42267	5.261721992492675	1	0.0317889	noncoding
MSTRG.17536.3	564	98	0.42999000000000004	9.4307092666626	-1	0.10885	noncoding
MSTRG.17536.4	186	59	0.47657	8.140374565124514	-1	0.039699	noncoding
MSTRG.17536.5	2677	326	0.34995	9.058017539978025	1	0.99976	coding
MSTRG.17536.6	2468	345	0.46252	4.6600244522094725	-1	0.893801	coding
MSTRG.17536.7	1209	374	0.46837	8.646451377868651	1	1	coding
MSTRG.182217.1	2501	238	0.43818	5.5469968795776365	1	0.999928	coding
MSTRG.18666.1	3563	323	0.40544	6.194563484191894	1	0.999999	coding
MSTRG.188149.2	491	127	0.34751	9.215642738342286	-1	0.150359	noncoding
MSTRG.188149.6	100	0	0.41648	0.0	-1	0.0100458	noncoding
MSTRG.195952.1	3980	1016	0.46619000000000005	5.719048500061036	1	1	coding
MSTRG.196019.4	100	0	0.47153000000000006	0.0	-1	0.111355	noncoding
MSTRG.196019.5	55	0	0.39309	0.0	-1	0.00321691	noncoding
MSTRG.196019.6	2707	67	0.30411	9.741833686828613	1	0.0361397	noncoding
MSTRG.197642.1	1884	133	0.31	9.299580574035645	1	0.274952	noncoding
MSTRG.20410.1	1152	49	0.28644000000000003	11.306159019470215	-1	0.166254	noncoding
MSTRG.20410.5	100	10	0.44520000000000004	9.519997978210448	-1	0.0456717	noncoding
MSTRG.204861.5	64	15	0.43183000000000005	9.369270896911619	-1	0.0472373	noncoding
MSTRG.204861.7	112	23	0.41123	4.0500284194946286	-1	0.0127541	noncoding
MSTRG.208773.6	3576	117	0.32212	4.256751823425293	1	0.664643	coding
MSTRG.210745.1	3805	709	0.42555	6.71930103302002	1	1	coding
MSTRG.210745.3	2056	41	0.29302	8.98168697357178	1	0.0132283	noncoding
MSTRG.213163.11	151	39	0.38713	6.511838722229004	-1	0.0235595	noncoding
MSTRG.213163.6	94	0	0.43039	0.0	-1	0.020098	noncoding
MSTRG.213163.7	1147	87	0.35501	9.031005287170409	1	0.104005	noncoding
MSTRG.21456.4	6159	565	0.33514	8.933013343811037	1	1	coding
MSTRG.214659.2	2038	57	0.31828	9.299773979187012	1	0.0249063	noncoding
MSTRG.216095.5	2105	98	0.35514999999999997	10.003317451477052	1	0.162415	noncoding
MSTRG.216505.4	4312	518	0.38346	5.829657173156738	1	1	coding
MSTRG.216505.5	1735	518	0.47287	5.829657173156738	1	1	coding
MSTRG.21703.8	2715	447	0.43560999999999994	5.458669090270996	1	1	coding
MSTRG.217394.4	54	10	0.39078	7.975528907775878	-1	0.029799	noncoding
MSTRG.217394.7	54	0	0.37665000000000004	0.0	-1	7.49653e-06	noncoding
MSTRG.219234.5	99	0	0.37129	0.0	-1	4.9373e-06	noncoding
MSTRG.219234.6	82	12	0.40586	6.684288215637207	1	0.00268731	noncoding
MSTRG.221724.1	818	92	0.32001	8.958413887023926	-1	0.146447	noncoding
MSTRG.221724.3	2068	618	0.48509	6.048998832702637	1	1	coding
MSTRG.221724.4	502	58	0.40487	5.978859519958497	1	0.0513065	noncoding
MSTRG.221724.6	99	18	0.4022	5.962205696105957	-1	0.0136701	noncoding
MSTRG.221724.7	194	12	0.43529	4.0500284194946286	-1	0.0129812	noncoding
MSTRG.22264.5	873	65	0.31626	7.726942634582519	1	0.0283566	noncoding
MSTRG.22264.6	852	56	0.38034	8.304962348937988	1	0.0301553	noncoding
MSTRG.223098.10	4601	1484	0.46575999999999995	8.975820350646973	1	1	coding
MSTRG.223098.14	100	6	0.3539	5.275022315979004	1	1.15203e-05	noncoding
MSTRG.223098.15	3891	87	0.33061	9.88695201873779	1	0.0844177	noncoding
MSTRG.223098.16	5497	100	0.29928	8.957898139953613	1	0.0951493	noncoding
MSTRG.223098.5	2245	594	0.46547	6.474836540222167	1	1	coding
MSTRG.22363.2	59	2	0.43332	5.275022315979004	-1	0.00936424	noncoding
MSTRG.22363.4	788	43	0.31224	9.730745124816895	1	0.0167403	noncoding
MSTRG.225437.1	4222	1236	0.47276999999999997	5.648681831359863	1	1	coding
MSTRG.226029.3	51	5	0.37775	5.275022315979004	-1	0.0108403	noncoding
MSTRG.226905.11	1177	75	0.33126	9.3358118057251	1	0.0527284	noncoding
MSTRG.227724.10	1354	41	0.27215	8.657346534729005	1	0.014237	noncoding
MSTRG.227724.18	1163	78	0.2996	8.46381244659424	1	0.0450076	noncoding
MSTRG.227724.22	122	12	0.42498	11.999967765808105	-1	0.149334	noncoding
MSTRG.227724.25	51	6	0.38319000000000003	6.487682151794433	-1	0.0157505	noncoding
MSTRG.228096.1	2589	677	0.5032200000000001	7.06408634185791	1	1	coding
MSTRG.228096.4	100	32	0.4168	4.0500284194946286	-1	0.0158149	noncoding
MSTRG.23260.1	5451	874	0.38333999999999996	9.503107261657714	1	1	coding
MSTRG.23260.8	392	52	0.39674000000000004	8.284977149963382	1	0.0285322	noncoding
MSTRG.26541.1	58	7	0.23631	4.0500284194946286	1	0.0641501	noncoding
MSTRG.26541.2	73	7	0.24103	4.0500284194946286	1	0.0487417	noncoding
MSTRG.26541.3	75	8	0.30268	4.0500284194946286	1	0.00518698	noncoding
MSTRG.26541.4	66	7	0.25708000000000003	4.0500284194946286	1	0.0211707	noncoding
MSTRG.26541.5	100	19	0.23454	4.0500284194946286	1	0.114599	noncoding
MSTRG.26541.6	92	19	0.24016	4.0500284194946286	1	0.0843338	noncoding
MSTRG.29681.16	96	19	0.36424	4.0500284194946286	1	0.00800267	noncoding
MSTRG.30332.6	240	26	0.42096999999999996	4.556577491760254	-1	0.013988	noncoding
MSTRG.30332.7	120	37	0.46811	8.364531135559083	1	0.0262377	noncoding
MSTRG.34447.1	2623	480	0.45436	6.240773582458496	1	1	coding
MSTRG.34447.3	100	6	0.38409	9.500012779235842	-1	0.0705372	noncoding
MSTRG.34447.4	100	9	0.39777999999999997	11.999967765808105	-1	0.162843	noncoding
MSTRG.34940.1	1287	161	0.40896	10.275374031066892	1	0.906536	coding
MSTRG.34940.5	825	68	0.36612	8.43712253570557	1	0.0482436	noncoding
MSTRG.34940.6	98	26	0.45871	11.012763404846194	-1	0.111097	noncoding
MSTRG.3558.7	100	0	0.39347	0.0	-1	0.00327396	noncoding
MSTRG.3558.8	100	8	0.45809	4.0500284194946286	1	0.00687449	noncoding
MSTRG.3564.1	5289	1417	0.47404999999999997	5.3748884201049805	1	1	coding
MSTRG.3564.9	405	25	0.35772	10.847466468811035	1	0.0122891	noncoding
MSTRG.36140.1	5434	608	0.38874	9.481316947937014	1	1	coding
MSTRG.36140.2	100	25	0.37838999999999995	8.023364448547362	-1	0.0407268	noncoding
MSTRG.37612.7	100	16	0.43072999999999995	6.695428657531737	-1	0.0143242	noncoding
MSTRG.38675.1	1538	246	0.31621	8.897233390808108	-1	0.199314	noncoding
MSTRG.38675.2	63	7	0.46604	11.000256538391113	1	0.015069	noncoding
MSTRG.41160.3	100	3	0.42135999999999996	5.275022315979004	1	1.55129e-05	noncoding
MSTRG.41160.4	498	67	0.40993	8.76629810333252	1	0.0773298	noncoding
MSTRG.41857.1	159	41	0.23613	5.723538780212404	-1	0.180296	noncoding
MSTRG.41857.2	122	27	0.44795	10.446408653259276	-1	0.0882803	noncoding
MSTRG.44619.1	2641	56	0.30752	10.447311210632321	1	0.0295198	noncoding
MSTRG.44619.2	97	13	0.42647	9.788379859924316	1	0.00755778	noncoding
MSTRG.44619.3	100	32	0.40198	6.7129919052124025	-1	0.0206052	noncoding
MSTRG.57002.1	1177	62	0.33853	6.817803001403808	1	0.0292421	noncoding
MSTRG.57002.2	3429	479	0.36228000000000005	8.564576530456542	1	1	coding
MSTRG.57002.4	132	4	0.35053	9.500077247619632	1	0.0033433	noncoding
MSTRG.57961.1	82	18	0.39301	6.501948738098144	-1	0.0169514	noncoding
MSTRG.59415.2	1845	591	0.47468	6.811039161682129	-1	0.995258	coding
MSTRG.59415.5	100	33	0.43969	5.793848609924316	-1	0.0163854	noncoding
MSTRG.62022.1	1884	127	0.43921	5.678465461730957	1	0.889165	coding
MSTRG.62022.4	5143	618	0.35753	4.692877388000488	1	1	coding
MSTRG.62022.5	100	20	0.39516	11.999967765808105	-1	0.167603	noncoding
MSTRG.62022.6	92	20	0.45485000000000003	11.999967765808105	-1	0.146587	noncoding
MSTRG.62022.7	100	0	0.47605	0.0	-1	0.126713	noncoding
MSTRG.62462.10	60	11	0.31062999999999996	4.674291038513183	-1	0.0232944	noncoding
MSTRG.62462.11	99	19	0.44461	5.3024187088012695	-1	0.0130904	noncoding
MSTRG.62462.12	86	15	0.42658999999999997	5.897863960266113	-1	0.0121404	noncoding
MSTRG.62462.13	96	19	0.44298	4.352013969421387	-1	0.0149152	noncoding
MSTRG.62462.4	8890	1865	0.46491	5.083645439147948	1	1	coding
MSTRG.62462.9	145	0	0.38623999999999997	0.0	-1	1.68485e-05	noncoding
MSTRG.65911.1	4957	1038	0.40728	5.018564796447753	1	1	coding
MSTRG.65911.4	3558	956	0.44451	4.8974409103393555	1	1	coding
MSTRG.67803.1	2637	78	0.36624	6.808310890197753	1	0.0841293	noncoding
MSTRG.67803.2	72	17	0.2712	5.748434257507324	1	0.00740442	noncoding
MSTRG.67803.3	115	16	0.27005	4.0500284194946286	1	0.0190161	noncoding
MSTRG.68024.1	2184	139	0.43287000000000003	4.422721672058106	1	0.976511	coding
MSTRG.68024.2	100	23	0.43872	4.66735668182373	-1	0.0146757	noncoding
MSTRG.68024.3	100	10	0.41981	11.999967765808105	-1	0.150603	noncoding
MSTRG.68024.4	100	24	0.43978	4.089076805114746	-1	0.0169502	noncoding
MSTRG.69528.1	9343	2144	0.41859	5.144008445739746	1	1	coding
MSTRG.71491.1	18168	4928	0.45415	5.770203590393066	1	1	coding
MSTRG.71491.7	100	9	0.42468	5.27274875640869	-1	0.0103866	noncoding
MSTRG.71673.7	91	13	0.38102	11.999967765808105	-1	0.174555	noncoding
MSTRG.71736.2	56	11	0.42408	4.529692649841309	-1	0.0108721	noncoding
MSTRG.71736.4	69	0	0.35170999999999997	0.0	-1	1.38451e-06	noncoding
MSTRG.71736.7	85	0	0.46369000000000005	0.0	-1	0.0860133	noncoding
MSTRG.71736.8	60	4	0.41965	5.275022315979004	-1	0.00946397	noncoding
MSTRG.78837.1	1286	236	0.39194	7.078807640075683	-1	0.247049	noncoding
MSTRG.78837.2	8650	591	0.36660000000000004	8.587333869934085	1	1	coding
MSTRG.78837.4	1060	72	0.45957	9.217512321472167	1	0.206592	noncoding
MSTRG.80705.2	211	49	0.41396	9.3911901473999	1	0.0371105	noncoding
MSTRG.80705.3	195	33	0.33936999999999995	10.916125297546387	-1	0.181005	noncoding
MSTRG.8505.2	1159	91	0.33828	11.48873348236084	1	0.0916832	noncoding
MSTRG.8505.3	754	40	0.37770000000000004	9.185213661193849	1	0.016202	noncoding
MSTRG.9486.4	491	23	0.39324	6.68212833404541	1	0.00484593	noncoding
ENSDART00000004041	3935	853	0.45838	5.337999916076659	1	1	coding
ENSDART00000004896	2516	569	0.38295999999999997	8.975498008728028	1	1	coding
ENSDART00000007675	2532	318	0.39278	9.353024864196776	1	0.999948	coding
ENSDART00000009938	4276	534	0.36232999999999993	6.2100236892700185	1	1	coding
ENSDART00000012335	3056	898	0.47201000000000004	5.292130851745605	1	1	coding
ENSDART00000014465	3843	1049	0.46166999999999997	5.435194587707519	1	1	coding
ENSDART00000016913	1351	238	0.42663	9.180507469177247	1	0.999239	coding
ENSDART00000024726	3799	1061	0.49039	6.850996971130371	1	1	coding
ENSDART00000032844	5462	1089	0.36761	8.984330177307132	1	1	coding
ENSDART00000033922	6209	891	0.38702000000000003	9.257547187805173	1	1	coding
ENSDART00000039443	1563	451	0.44913000000000003	4.93211269378662	1	1	coding
ENSDART00000040171	3160	718	0.46252	5.265132331848144	1	1	coding
ENSDART00000041036	2461	460	0.42092999999999997	8.83734226226807	1	1	coding
ENSDART00000041503	6227	1083	0.46134	6.355588340759277	1	1	coding
ENSDART00000043776	8416	1922	0.4659	9.72004337310791	1	1	coding
ENSDART00000045423	3627	641	0.43478	8.023686790466307	1	1	coding
ENSDART00000046712	1824	254	0.39327	9.096247291564943	1	0.998963	coding
ENSDART00000048445	960	224	0.43279999999999996	5.569959831237792	1	0.999797	coding
ENSDART00000050750	1602	350	0.44886	4.970535850524903	1	1	coding
ENSDART00000055379	1255	356	0.46047	8.395798301696779	1	1	coding
ENSDART00000060145	2395	222	0.32720000000000005	6.173248863220214	1	0.993078	coding
ENSDART00000060545	4094	1289	0.47263	6.628415489196779	1	1	coding
ENSDART00000060764	3432	392	0.36241	5.787653160095215	1	1	coding
ENSDART00000064974	1669	341	0.44547000000000003	5.203064155578613	1	1	coding
ENSDART00000065341	2325	319	0.42379999999999995	6.056103706359862	1	0.999999	coding
ENSDART00000065889	3435	350	0.31684	9.31228084564209	1	0.999213	coding
ENSDART00000066903	2704	335	0.39461	5.921395301818847	1	0.999999	coding
ENSDART00000078401	3502	485	0.3998999999999999	7.580866432189942	1	1	coding
ENSDART00000078767	1515	505	0.4758	4.934499931335448	1	1	coding
ENSDART00000079341	9537	1746	0.3825	6.5454305648803714	1	1	coding
ENSDART00000079806	2547	484	0.42092999999999997	8.812264060974119	1	1	coding
ENSDART00000082420	2829	461	0.32624	9.273922157287597	1	0.999994	coding
ENSDART00000082425	2533	457	0.34624	9.359922981262208	1	0.999998	coding
ENSDART00000082504	1917	554	0.43428999999999995	6.50592746734619	1	1	coding
ENSDART00000083308	5842	1919	0.48451	6.0378015518188475	1	1	coding
ENSDART00000083467	3985	860	0.43894	8.5324068069458	1	1	coding
ENSDART00000084076	1780	235	0.30396	8.97317714691162	1	0.935113	coding
ENSDART00000086202	1974	612	0.46519	5.662550544738769	1	1	coding
ENSDART00000086227	1546	464	0.40184	6.812403297424316	1	1	coding
ENSDART00000088004	7015	1587	0.37803	8.499850273132324	1	1	coding
ENSDART00000088808	7476	1586	0.39054999999999995	5.9137788772583	1	1	coding
ENSDART00000091662	2900	753	0.45833	5.127184104919433	1	1	coding
ENSDART00000092524	2894	834	0.46358999999999995	7.497597312927247	1	1	coding
ENSDART00000092656	3587	622	0.40719000000000005	6.0445653915405275	1	1	coding
ENSDART00000097960	1241	328	0.35053999999999996	5.72649440765381	1	0.999995	coding
ENSDART00000098632	4795	941	0.38489	6.386054039001464	1	1	coding
ENSDART00000099003	2524	315	0.37234	5.852108573913574	1	0.999995	coding
ENSDART00000099839	2429	396	0.45593	5.698813819885253	1	1	coding
ENSDART00000101143	2047	351	0.39468000000000003	7.59882755279541	1	0.999998	coding
ENSDART00000102100	4220	909	0.40442	5.519486808776854	1	1	coding
ENSDART00000102788	6366	1017	0.41117000000000004	5.317651557922363	1	1	coding
ENSDART00000103405	5184	252	0.26982	7.028277778625487	1	0.979521	coding
ENSDART00000103652	7364	1446	0.4329800000000001	6.507177925109862	1	1	coding
ENSDART00000104256	4305	967	0.48086	8.117681694030761	1	1	coding
ENSDART00000104891	1835	584	0.42189	9.330976676940917	1	1	coding
ENSDART00000110383	3588	575	0.39382	9.721977424621581	1	1	coding
ENSDART00000111088	4812	1604	0.4517	6.602496910095215	1	1	coding
ENSDART00000111810	8335	1174	0.38271	5.054316520690917	1	1	coding
ENSDART00000111852	5541	1847	0.46243999999999996	5.725982856750489	1	1	coding
ENSDART00000112268	5875	954	0.38642999999999994	6.652174186706544	1	1	coding
ENSDART00000112394	1525	243	0.41197	4.69179744720459	1	0.999962	coding
ENSDART00000113849	3283	969	0.44473	6.0099504470825185	1	1	coding
ENSDART00000113985	6760	681	0.42315	5.718082237243652	1	1	coding
ENSDART00000122945	2876	745	0.45522999999999997	5.3534032821655275	1	1	coding
ENSDART00000124336	2810	419	0.45699000000000006	8.888981437683107	1	1	coding
ENSDART00000124505	3332	813	0.32222	9.380681800842286	1	1	coding
ENSDART00000127003	1272	320	0.44877999999999996	6.710490989685058	1	0.999999	coding
ENSDART00000129299	640	63	0.40168	11.999967765808105	1	0.060181	noncoding
ENSDART00000130072	2593	382	0.40174	7.632987785339356	1	1	coding
ENSDART00000131282	2291	703	0.43426999999999993	6.434537696838378	1	1	coding
ENSDART00000131751	796	212	0.44494	7.6391263961792	-1	0.244872	noncoding
ENSDART00000132955	478	145	0.38609	9.272697257995606	-1	0.153059	noncoding
ENSDART00000133068	634	67	0.48077	4.433748435974121	-1	0.0459534	noncoding
ENSDART00000133099	2493	311	0.40146	9.451725959777832	1	0.999946	coding
ENSDART00000133480	515	86	0.46443999999999996	5.177600288391112	-1	0.0483112	noncoding
ENSDART00000133676	3282	1094	0.44028999999999996	8.505265617370608	1	1	coding
ENSDART00000134059	5203	1569	0.45387	6.977463722229005	1	1	coding
ENSDART00000134729	994	225	0.41329	5.677442359924316	1	0.999693	coding
ENSDART00000134979	878	86	0.3332	8.80143337249756	1	0.0782463	noncoding
ENSDART00000135184	1172	206	0.44415	6.44437084197998	1	0.998988	coding
ENSDART00000135513	1944	490	0.44991000000000003	5.639758110046387	1	1	coding
ENSDART00000135668	578	108	0.46543999999999996	4.220090675354004	-1	0.0990415	noncoding
ENSDART00000135965	3035	957	0.46787	7.368629646301269	1	1	coding
ENSDART00000136329	326	78	0.39911	5.032149314880371	-1	0.0310461	noncoding
ENSDART00000136688	542	50	0.43331	11.999967765808105	1	0.0575185	noncoding
ENSDART00000136745	513	55	0.44644000000000006	4.777965354919433	1	0.0995943	noncoding
ENSDART00000136798	508	66	0.3757500000000001	8.977818870544432	-1	0.0880634	noncoding
ENSDART00000137699	4198	902	0.40442	5.564105415344237	1	1	coding
ENSDART00000137900	5416	1446	0.44822	6.507177925109862	1	1	coding
ENSDART00000138413	346	36	0.42455	10.177511024475098	1	0.0270673	noncoding
ENSDART00000138675	8210	1891	0.4736	9.698510932922364	1	1	coding
ENSDART00000138777	446	128	0.45049	6.719983100891113	-1	0.079698	noncoding
ENSDART00000138947	2745	850	0.44683	5.408593940734862	-1	0.999967	coding
ENSDART00000138959	2442	814	0.45497000000000004	6.676728630065918	1	1	coding
ENSDART00000139542	499	86	0.30824999999999997	8.80143337249756	1	0.0633581	noncoding
ENSDART00000140347	4583	617	0.34303	6.0445653915405275	1	1	coding
ENSDART00000140866	5909	1833	0.47268999999999994	5.867568778991698	1	1	coding
ENSDART00000141101	2449	222	0.32720000000000005	6.173248863220214	1	0.993078	coding
ENSDART00000141404	1289	350	0.4720600000000001	4.970535850524903	1	1	coding
ENSDART00000141500	2970	67	0.32236	8.61924571990967	1	0.0333387	noncoding
ENSDART00000141682	3738	171	0.28848	6.335637855529785	1	0.819839	coding
ENSDART00000141699	3977	702	0.36277000000000004	8.878215217590334	1	1	coding
ENSDART00000141781	760	169	0.47984	5.227163887023924	1	0.994321	coding
ENSDART00000141853	823	124	0.43473	5.590762901306152	1	0.868835	coding
ENSDART00000141913	710	226	0.44272999999999996	9.434899711608885	-1	0.334966	noncoding
ENSDART00000142036	769	63	0.49072	11.999967765808105	1	0.340007	noncoding
ENSDART00000142478	6924	1724	0.47597999999999996	6.22872371673584	1	1	coding
ENSDART00000142605	5743	1270	0.35753	8.575987434387208	1	1	coding
ENSDART00000142659	471	102	0.45264000000000004	4.897668266296387	-1	0.0644406	noncoding
ENSDART00000142872	1155	315	0.43160000000000004	9.144147300720217	-1	0.530702	coding
ENSDART00000143520	499	144	0.44320999999999994	9.787283897399899	-1	0.188023	noncoding
ENSDART00000143553	741	86	0.33951999999999993	8.80143337249756	1	0.083367	noncoding
ENSDART00000143751	783	254	0.43605	8.52905445098877	-1	0.361556	noncoding
ENSDART00000144383	989	312	0.44198	7.881018257141112	-1	0.562009	coding
ENSDART00000144500	703	97	0.42496999999999996	11.376107215881348	1	0.344008	noncoding
ENSDART00000144579	724	59	0.39461	5.623672676086425	1	0.0561168	noncoding
ENSDART00000144912	1259	267	0.44007999999999997	9.41620388031006	-1	0.432748	noncoding
ENSDART00000145114	6210	1798	0.47192	6.120218086242674	1	1	coding
ENSDART00000145505	759	56	0.3984	6.70241985321045	1	0.0356869	noncoding
ENSDART00000145741	536	133	0.45647000000000004	8.245393562316895	-1	0.11061	noncoding
ENSDART00000145930	741	227	0.45034	4.956837654113768	-1	0.404951	noncoding
ENSDART00000147318	1139	214	0.42816	9.627595710754395	1	0.996839	coding
ENSDART00000147699	5964	1674	0.44803	5.646521949768067	1	1	coding
ENSDART00000147799	600	148	0.45415	4.911878013610839	-1	0.14142	noncoding
ENSDART00000147861	581	155	0.44493999999999995	5.425077247619628	-1	0.130841	noncoding
ENSDART00000147885	878	196	0.40551	6.813710594177246	1	0.994851	coding
ENSDART00000148389	7365	1954	0.47337	5.721606254577638	1	1	coding
ENSDART00000148686	1051	88	0.39994	5.840229225158691	1	0.26479	noncoding
ENSDART00000149061	3459	273	0.3934099999999999	8.149271202087402	1	0.999796	coding
ENSDART00000149714	1852	346	0.42760000000000004	9.055374336242675	1	0.999998	coding
ENSDART00000149735	902	238	0.45969000000000004	9.180507469177247	1	0.999732	coding
ENSDART00000149838	2466	396	0.46393999999999996	5.698813819885253	1	1	coding
ENSDART00000150067	888	196	0.43365	4.5203142166137695	1	0.99948	coding
ENSDART00000150265	493	119	0.42174	4.677417182922363	1	0.886075	coding
ENSDART00000150490	2657	516	0.44986000000000004	8.932433128356934	1	1	coding
ENSDART00000150957	726	225	0.44609	9.434899711608885	-1	0.339199	noncoding
ENSDART00000151405	552	29	0.34734999999999994	10.639878273010254	1	0.0134385	noncoding
ENSDART00000151822	807	145	0.46624000000000004	6.13778133392334	1	0.959956	coding
ENSDART00000151851	1519	301	0.46549	9.147564125061038	-1	0.600921	coding
ENSDART00000152020	803	145	0.46029	9.594523429870605	-1	0.190389	noncoding
ENSDART00000152425	919	259	0.4385	6.165461921691894	-1	0.417243	noncoding
ENSDART00000152558	1058	125	0.2735	5.535174369812012	-1	0.162443	noncoding
ENSDART00000152748	1903	525	0.4659	4.771542549133301	1	1	coding
ENSDART00000152876	10580	2689	0.43447	8.5530366897583	1	1	coding
ENSDART00000152926	127	18	0.36174999999999996	11.999967765808105	-1	0.185483	noncoding
ENSDART00000153272	708	152	0.36019999999999996	9.673690605163575	1	0.682868	coding
ENSDART00000153640	605	129	0.48042999999999997	4.636493110656737	1	0.940388	coding
ENSDART00000154013	5351	813	0.29791	9.380681800842286	1	1	coding
ENSDART00000154252	614	127	0.43121000000000004	6.077702522277831	1	0.856357	coding
ENSDART00000154391	797	202	0.44746	5.735645484924317	-1	0.246565	noncoding
ENSDART00000154697	1861	591	0.47316	7.059425544738769	1	1	coding
ENSDART00000154719	7528	1047	0.39299000000000006	5.435194587707519	1	1	coding
ENSDART00000154923	737	170	0.43416999999999994	5.815163230895997	1	0.991642	coding
ENSDART00000154925	3519	1162	0.44535	6.514225959777832	-1	0.999999	coding
ENSDART00000154941	647	138	0.41071	6.70162410736084	1	0.868456	coding
ENSDART00000155776	698	184	0.46769	8.319016456604007	1	0.995207	coding
ENSDART00000155894	8042	1627	0.40483	7.371755790710449	1	1	coding
ENSDART00000156057	2133	67	0.30656	8.61924571990967	1	0.0310971	noncoding
ENSDART00000156626	2179	67	0.31248	8.61924571990967	1	0.0317759	noncoding
ENSDART00000156768	1055	144	0.43503	8.817099189758302	1	0.905772	coding
ENSDART00000157700	434	66	0.37629999999999997	4.0500284194946286	-1	0.0225854	noncoding
ENSDART00000159122	7084	999	0.3823	5.357495689392089	1	1	coding
ENSDART00000159134	4887	381	0.35504	6.144829368591308	1	1	coding
ENSDART00000159221	539	129	0.42871	10.366725730895993	-1	0.188544	noncoding
ENSDART00000159489	1766	123	0.45898	10.001125526428222	1	0.84	coding
ENSDART00000159674	684	103	0.44922	4.533387184143066	1	0.781342	coding
ENSDART00000159925	1020	333	0.49281	7.075908851623535	-1	0.756358	coding
ENSDART00000160433	6247	502	0.34998	5.269793128967284	1	1	coding
ENSDART00000160688	2633	263	0.36991999999999997	6.197860145568847	1	0.999826	coding
ENSDART00000161024	651	182	0.47069	4.654056358337402	-1	0.284559	noncoding
ENSDART00000161387	4982	727	0.34624999999999995	6.421123695373535	1	1	coding
ENSDART00000161426	781	116	0.32266	6.544066429138184	-1	0.101152	noncoding
ENSDART00000161729	4547	1435	0.45233	6.108111381530762	1	1	coding
ENSDART00000161928	6746	1035	0.44853	8.269891548156739	1	1	coding
ENSDART00000162189	2245	319	0.42215	6.056103706359862	1	0.999999	coding
ENSDART00000162355	2016	397	0.46167	5.022941398620605	1	1	coding
ENSDART00000162452	5603	1061	0.46066	6.850996971130371	1	1	coding
ENSDART00000162518	4640	1445	0.46003	6.10839557647705	1	1	coding
ENSDART00000163877	7475	962	0.3799	6.466822242736816	1	1	coding
ENSDART00000164328	5885	1663	0.43417	5.495330238342285	1	1	coding
ENSDART00000164691	1669	317	0.33768	8.409530067443853	1	0.999647	coding
ENSDART00000166013	1352	300	0.38531000000000004	8.880600547790529	1	0.999879	coding
ENSDART00000166615	1296	419	0.42141	8.800208473205569	-1	0.750203	coding
ENSDART00000167640	7565	584	0.3106	9.330976676940917	1	1	coding
ENSDART00000167875	1419	392	0.46029000000000003	5.588318824768066	1	1	coding
ENSDART00000168121	1974	658	0.45868999999999993	6.108054542541503	1	1	coding
ENSDART00000169307	1251	278	0.37151	8.676944923400882	1	0.999433	coding
ENSDART00000171284	2223	502	0.46561	5.269793128967284	1	1	coding
ENSDART00000172349	4907	1439	0.39983	8.630527687072757	1	1	coding
ENSDART00000173665	1693	81	0.34790999999999994	8.852363395690919	1	0.074353	noncoding
ENSDART00000174117	4875	690	0.32575	6.360874366760252	1	1	coding
ENSDART00000174218	4447	558	0.36232999999999993	6.220027351379394	1	1	coding
ENSDART00000174292	4429	552	0.36232999999999993	6.284653282165528	1	1	coding
ENSDART00000174335	4431	521	0.36232999999999993	6.140680122375487	1	1	coding
ENSDART00000174355	4947	714	0.33443	6.355304145812987	1	1	coding
ENSDART00000174369	749	192	0.46461	6.188254356384278	-1	0.219002	noncoding
ENSDART00000174455	9242	1893	0.44232000000000005	9.698510932922364	1	1	coding
ENSDART00000174703	4789	1061	0.47447	6.850996971130371	1	1	coding
ENSDART00000174713	4658	1451	0.46003	6.143351554870605	1	1	coding
ENSDART00000175269	10033	1628	0.29988000000000004	6.454033470153808	1	1	coding
ENSDART00000176136	3860	642	0.45045	7.413361930847168	1	1	coding
ENSDART00000176951	2961	987	0.46098	6.16034641265869	1	1	coding
ENSDART00000177960	1474	333	0.45244999999999996	4.9936124801635735	1	1	coding
ENSDART00000179831	5336	372	0.38537	5.134743690490722	1	1	coding
ENSDART00000180463	1586	516	0.43746999999999997	8.932433128356934	1	1	coding
ENSDART00000180511	493	134	0.433	7.750473976135253	1	0.85035	coding
ENSDART00000180807	12248	2689	0.38147	8.5530366897583	1	1	coding
ENSDART00000181466	5396	1602	0.43832	7.918861198425294	1	1	coding
ENSDART00000181953	2154	718	0.46207	5.265132331848144	1	1	coding
ENSDART00000183033	1604	418	0.41462	8.43441486358643	1	1	coding
ENSDART00000183264	6629	996	0.44601	8.248939323425294	1	1	coding
ENSDART00000183714	6323	1115	0.46338999999999997	6.357975578308105	1	1	coding
ENSDART00000183885	7951	1805	0.47486	6.313356971740723	1	1	coding
ENSDART00000183935	4520	1177	0.42044	7.679823112487794	1	1	coding
ENSDART00000184584	4628	1441	0.46003	6.143124198913574	1	1	coding
ENSDART00000184655	7984	1954	0.45956	5.721606254577638	1	1	coding
ENSDART00000184779	1497	490	0.47740000000000005	5.639758110046387	1	1	coding
ENSDART00000184916	2894	269	0.32948	6.749255180358888	1	0.999017	coding
ENSDART00000185042	2392	319	0.42584999999999995	6.056103706359862	1	0.999999	coding
ENSDART00000185578	4686	1562	0.4621	5.860066032409667	1	1	coding
ENSDART00000185810	3336	104	0.30191	10.15327091217041	1	0.107715	noncoding
ENSDART00000185922	4620	853	0.46066	5.337999916076659	1	1	coding
ENSDART00000186001	10216	1628	0.30263	6.454033470153808	1	1	coding
ENSDART00000186354	4894	318	0.34691	9.353024864196776	1	0.999464	coding
ENSDART00000187376	2936	718	0.44959	5.265132331848144	1	1	coding
ENSDART00000187751	6698	1019	0.44601	8.269891548156739	1	1	coding
ENSDART00000188039	5129	711	0.34553999999999996	8.77596836090088	1	1	coding
ENSDART00000188137	189	53	0.42115	5.176690864562987	-1	0.0218872	noncoding
ENSDART00000188229	3417	1074	0.45393999999999995	6.355247306823729	1	1	coding
ENSDART00000188874	198	53	0.40292	9.983847999572756	1	0.045396	noncoding
ENSDART00000188934	3230	315	0.33194	5.852108573913574	1	0.999971	coding
ENSDART00000190090	2193	692	0.45897000000000004	5.948678016662597	1	1	coding
ENSDART00000190162	1652	238	0.29202000000000006	9.706376075744629	1	0.863893	coding
ENSDART00000190594	2545	197	0.3582	5.781855583190917	1	0.991782	coding
ENSDART00000190798	2221	502	0.45175000000000004	5.269793128967284	1	1	coding
ENSDART00000191842	1975	588	0.47738	5.6898900985717775	1	1	coding
ENSDART00000192447	4022	1265	0.46984000000000004	6.571917533874512	1	1	coding
ENSDART00000192636	4025	702	0.35892999999999997	8.878215217590334	1	1	coding
ENSDART00000193284	4242	1085	0.40758999999999995	8.31450366973877	1	1	coding
ENSDART00000193537	2660	690	0.42795	9.5633207321167	1	1	coding
ENSDART00000193811	9335	1924	0.44232000000000005	9.72004337310791	1	1	coding
MSTRG.101447.5	470	110	0.4427	6.556343650817872	1	0.648389	coding
MSTRG.103067.3	4231	999	0.43294999999999995	6.080146598815917	1	1	coding
MSTRG.103658.4	100	12	0.42237	8.500108146667483	1	0.00412101	noncoding
MSTRG.105085.1	5357	116	0.33414	4.761993598937988	1	0.592947	coding
MSTRG.105085.2	271	41	0.36789	4.436874580383301	1	0.0261164	noncoding
MSTRG.105085.3	223	38	0.42141	6.487227439880371	-1	0.0194793	noncoding
MSTRG.110692.1	5782	93	0.27202000000000004	11.612190437316897	1	0.068087	noncoding
MSTRG.110692.3	937	238	0.48062000000000005	9.180507469177247	1	0.99985	coding
MSTRG.111022.3	149	7	0.44391	6.688494300842286	1	1.73469e-05	noncoding
MSTRG.111626.1	1550	490	0.48023999999999994	5.639758110046387	1	1	coding
MSTRG.111626.5	55	13	0.42866	4.0500284194946286	1	0.00957925	noncoding
MSTRG.11791.2	137	10	0.26968000000000003	5.266155433654785	-1	0.0737769	noncoding
MSTRG.11791.3	190	32	0.23702	5.251320457458495	-1	0.162075	noncoding
MSTRG.11791.5	336	43	0.3189	10.612092399597167	1	0.0208767	noncoding
MSTRG.11791.6	469	50	0.41217	8.597713279724122	1	0.0317503	noncoding
MSTRG.120739.5	977	235	0.47123000000000004	5.037946891784667	1	0.999949	coding
MSTRG.123318.1	8381	1919	0.44578	6.0378015518188475	1	1	coding
MSTRG.123318.10	91	23	0.32533	7.746893119812013	-1	0.0739793	noncoding
MSTRG.123318.5	100	0	0.42607	0.0	-1	0.0162308	noncoding
MSTRG.123318.8	100	8	0.43256	5.275022315979004	1	0.00332936	noncoding
MSTRG.123318.9	127	31	0.42289	4.0500284194946286	-1	0.0164486	noncoding
MSTRG.130764.1	3849	114	0.38114000000000003	9.267088508605958	1	0.382372	noncoding
MSTRG.130764.2	5801	171	0.29059	6.335637855529785	1	0.823805	coding
MSTRG.132659.13	139	33	0.45836	10.736774253845216	-1	0.104564	noncoding
MSTRG.133249.2	2810	73	0.28385	7.682949256896973	1	0.0382362	noncoding
MSTRG.133918.4	158	8	0.37844	5.585420036315917	1	1.43115e-05	noncoding
MSTRG.143826.1	1523	325	0.44014000000000003	5.149749183654785	1	1	coding
MSTRG.143826.3	51	0	0.27632	0.0	-1	1.18754e-06	noncoding
MSTRG.143826.4	493	127	0.46041	9.05028133392334	-1	0.132655	noncoding
MSTRG.149671.1	2377	80	0.34062000000000003	6.483930778503418	1	0.0783322	noncoding
MSTRG.149671.2	1579	263	0.42131	6.197860145568847	1	0.999966	coding
MSTRG.149671.3	100	30	0.40626	9.101082420349119	-1	0.0557501	noncoding
MSTRG.149671.5	1094	307	0.43778	9.660539054870608	1	0.999984	coding
MSTRG.149861.2	227	58	0.36432	10.819164848327638	-1	0.163909	noncoding
MSTRG.152280.1	3543	83	0.25942000000000004	6.860773277282715	-1	0.170873	noncoding
MSTRG.152280.11	280	65	0.37833999999999995	7.6583948135375985	1	0.0448382	noncoding
MSTRG.152280.13	100	2	0.44634	5.275022315979004	-1	0.00971341	noncoding
MSTRG.152280.3	1985	49	0.32209	11.999967765808105	1	0.025127	noncoding
MSTRG.152280.4	196	25	0.38572999999999996	8.496433448791507	-1	0.047329	noncoding
MSTRG.152280.5	171	45	0.40663999999999995	8.25261402130127	-1	0.0425799	noncoding
MSTRG.152280.6	15095	208	0.31035	5.463614082336425	-1	0.213197	noncoding
MSTRG.152280.8	192	10	0.36222000000000004	8.500108146667483	1	0.00287639	noncoding
MSTRG.152280.9	3206	93	0.34795	8.611122703552248	1	0.120574	noncoding
MSTRG.152996.1	2166	233	0.39439	6.043485450744629	1	0.999586	coding
MSTRG.152996.3	375	48	0.38043	9.857876777648926	1	0.0283451	noncoding
MSTRG.152996.5	156	27	0.34078	5.3806859970092775	-1	0.0228868	noncoding
MSTRG.153312.2	8149	1805	0.47691	6.313356971740723	1	1	coding
MSTRG.153312.5	98	0	0.40386999999999995	0.0	-1	0.00537413	noncoding
MSTRG.153371.2	104	28	0.38771	10.903167152404784	1	0.0154883	noncoding
MSTRG.156456.1	8383	1627	0.40483	7.371755790710449	1	1	coding
MSTRG.156456.4	124	20	0.39644999999999997	4.2520341873168945	1	0.0101291	noncoding
MSTRG.156456.5	100	0	0.40329000000000004	0.0	-1	0.00522436	noncoding
MSTRG.161734.1	4295	516	0.43222	8.932433128356934	1	1	coding
MSTRG.162663.12	100	25	0.46546999999999994	4.0500284194946286	-1	0.0221863	noncoding
MSTRG.162663.4	665	119	0.45711999999999997	4.677417182922363	1	0.90576	coding
MSTRG.162663.6	100	9	0.43824	9.500077247619632	-1	0.0462405	noncoding
MSTRG.164074.3	5159	1281	0.39693	6.347517204284667	-1	0.999998	coding
MSTRG.164074.5	157	44	0.46532	4.950130653381346	-1	0.0238031	noncoding
MSTRG.164074.7	172	10	0.40088999999999997	5.75320873260498	-1	0.01159	noncoding
MSTRG.176682.1	705	176	0.46982999999999997	5.067673683166503	1	0.997097	coding
MSTRG.176682.3	655	186	0.35420999999999997	6.05593318939209	-1	0.147587	noncoding
MSTRG.182832.1	1352	78	0.31342	8.612927818298342	1	0.0484955	noncoding
MSTRG.182832.4	8479	862	0.35756	8.349574470520022	1	1	coding
MSTRG.182832.7	154	13	0.44486000000000003	4.0500284194946286	1	0.0100738	noncoding
MSTRG.184522.2	317	24	0.44611	8.402309608459475	1	0.00982122	noncoding
MSTRG.184522.3	5145	485	0.4117799999999999	7.580866432189942	1	1	coding
MSTRG.184522.4	3022	178	0.28642000000000006	6.2504362106323255	1	0.866879	coding
MSTRG.184522.6	192	49	0.37426000000000004	9.3911901473999	-1	0.0949478	noncoding
MSTRG.184895.5	224	41	0.43629	10.859779930114744	1	0.0462221	noncoding
MSTRG.184895.9	100	28	0.43306	11.999967765808105	-1	0.157075	noncoding
MSTRG.185308.1	1701	238	0.28518000000000004	9.706376075744629	1	0.833691	coding
MSTRG.185308.4	95	23	0.39289999999999997	4.0500284194946286	-1	0.0113376	noncoding
MSTRG.185308.5	100	23	0.46174000000000004	5.957715415954591	-1	0.0142708	noncoding
MSTRG.188226.1	5188	711	0.34553999999999996	8.77596836090088	1	1	coding
MSTRG.188226.2	4059	702	0.36168	8.878215217590334	1	1	coding
MSTRG.188748.1	85	0	0.24563000000000001	0.0	-1	1.07166e-05	noncoding
MSTRG.188748.2	1459	166	0.41259	6.806776237487793	1	0.972771	coding
MSTRG.188748.3	374	0	0.36043	0.0	-1	2.31396e-06	noncoding
MSTRG.19226.1	3582	67	0.32236	8.61924571990967	1	0.0333387	noncoding
MSTRG.192984.5	100	21	0.35107999999999995	8.00028476715088	-1	0.0557603	noncoding
MSTRG.192984.6	100	0	0.40499	0.0	-1	0.00567659	noncoding
MSTRG.19376.1	2676	91	0.31696	8.489470863342287	1	0.0811548	noncoding
MSTRG.19376.2	97	30	0.46929999999999994	5.004696083068848	-1	0.0183393	noncoding
MSTRG.195875.1	4642	1035	0.47683	8.269891548156739	1	1	coding
MSTRG.195875.6	136	17	0.47809	11.999967765808105	-1	0.140541	noncoding
MSTRG.195875.7	100	5	0.37431	8.521060371398928	-1	0.0465969	noncoding
MSTRG.20095.1	2927	461	0.32438	9.273922157287597	1	0.999993	coding
MSTRG.211960.3	626	28	0.29794	10.266412925720214	1	0.0129255	noncoding
MSTRG.211960.4	1166	57	0.30651	11.59143161773682	-1	0.168243	noncoding
MSTRG.214748.1	3538	254	0.36309	9.096247291564943	1	0.996577	coding
MSTRG.217511.2	172	0	0.45028	0.0	-1	0.0507012	noncoding
MSTRG.217511.3	950	172	0.40274999999999994	9.626370811462401	1	0.941574	coding
MSTRG.217511.5	788	49	0.33123	4.4162988662719735	-1	0.0242944	noncoding
MSTRG.218109.1	890	68	0.28222	9.23524112701416	1	0.0335979	noncoding
MSTRG.218109.10	120	16	0.37817	5.969367408752441	-1	0.0157032	noncoding
MSTRG.218109.11	113	6	0.39408	5.275022315979004	1	1.64032e-05	noncoding
MSTRG.218109.12	229	43	0.36868999999999996	8.273630714416509	-1	0.0594886	noncoding
MSTRG.218109.2	333	38	0.38598	7.957800102233887	1	0.0116698	noncoding
MSTRG.218109.3	259	38	0.39598	9.782255363464351	1	0.0199969	noncoding
MSTRG.218109.4	1874	77	0.36001000000000005	9.942008018493652	1	0.0794579	noncoding
MSTRG.218109.5	80	6	0.32826	5.275022315979004	1	1.28685e-05	noncoding
MSTRG.218109.7	201	35	0.372	9.033712959289552	1	0.011807	noncoding
MSTRG.218109.8	68	0	0.38892	0.0	-1	0.00266017	noncoding
MSTRG.218109.9	105	6	0.39149	5.275022315979004	1	1.58703e-05	noncoding
MSTRG.22091.1	3113	718	0.45702000000000004	5.265132331848144	1	1	coding
MSTRG.22091.5	2820	718	0.45841	5.265132331848144	1	1	coding
MSTRG.221710.1	7404	354	0.26594	7.120356941223145	1	0.999432	coding
MSTRG.221710.2	100	16	0.38564	4.505649757385254	-1	0.0104866	noncoding
MSTRG.223536.4	122	23	0.3928	9.776001930236816	1	0.00955438	noncoding
MSTRG.2237.5	51	0	0.42740000000000006	0.0	-1	0.0173391	noncoding
MSTRG.226275.1	4891	1122	0.39254999999999995	8.41436519622803	1	1	coding
MSTRG.226275.6	92	17	0.43209	7.975335502624511	-1	0.0231365	noncoding
MSTRG.226275.7	366	62	0.37739	8.047733497619632	1	0.0387049	noncoding
MSTRG.226275.8	109	22	0.41566000000000003	5.752981376647949	1	0.00634834	noncoding
MSTRG.226275.9	318	49	0.36613	9.099664115905764	-1	0.0904632	noncoding
MSTRG.229499.3	60	5	0.37641	5.275022315979004	1	1.17741e-05	noncoding
MSTRG.229499.5	154	45	0.35684999999999995	10.956482505798338	-1	0.170276	noncoding
MSTRG.229499.6	73	0	0.45415	0.0	-1	0.0596459	noncoding
MSTRG.23065.11	624	94	0.33785	8.753662300109863	1	0.112078	noncoding
MSTRG.23065.14	519	48	0.30643	8.309281730651858	1	0.0144489	noncoding
MSTRG.23065.2	4081	1203	0.42044	7.215562248229981	1	1	coding
MSTRG.23065.7	100	0	0.37863	0.0	-1	8.80528e-06	noncoding
MSTRG.23065.8	180	43	0.44024	6.8130285263061525	-1	0.0218648	noncoding
MSTRG.23458.1	6156	350	0.31287000000000004	9.31228084564209	1	0.999004	coding
MSTRG.23458.3	98	0	0.44081	0.0	-1	0.0331488	noncoding
MSTRG.289.1	369	23	0.34090000000000004	5.2651891708374015	1	0.00524469	noncoding
MSTRG.289.2	310	48	0.34753	8.841468238830569	1	0.0178578	noncoding
MSTRG.289.3	599	8	0.37768	5.275022315979004	-1	0.0113477	noncoding
MSTRG.289.4	694	13	0.42108999999999996	6.49137668609619	-1	0.0133841	noncoding
MSTRG.31522.8	348	40	0.38969000000000004	8.589848136901857	1	0.0151624	noncoding
MSTRG.32644.1	383	87	0.35468	9.359536170959473	1	0.105752	noncoding
MSTRG.32644.2	100	32	0.39260999999999996	8.6556058883667	-1	0.0508497	noncoding
MSTRG.327.1	3267	834	0.48668	7.497597312927247	1	1	coding
MSTRG.327.2	186	26	0.21703999999999998	5.257459068298339	-1	0.218765	noncoding
MSTRG.327.4	144	36	0.37416999999999995	11.853689002990723	-1	0.178356	noncoding
MSTRG.38347.1	9438	484	0.29367000000000004	8.812264060974119	1	0.999984	coding
MSTRG.47780.1	3923	642	0.43805	7.413361930847168	1	1	coding
MSTRG.47780.4	443	54	0.32022	4.944446754455566	1	0.0341907	noncoding
MSTRG.48154.3	362	62	0.43431000000000003	9.814360618591309	1	0.101589	noncoding
MSTRG.55895.1	14242	1047	0.39252	5.435194587707519	1	1	coding
MSTRG.55895.3	85	28	0.39618	8.040061759948731	-1	0.0350858	noncoding
MSTRG.56696.2	8856	1586	0.37176	5.9137788772583	1	1	coding
MSTRG.56696.7	98	0	0.40739	0.0	-1	0.00638757	noncoding
MSTRG.61915.3	2803	222	0.32948	6.173248863220214	1	0.993529	coding
MSTRG.65708.6	100	23	0.38144	4.650077629089356	-1	0.0121585	noncoding
MSTRG.65708.7	99	27	0.39949	10.834250450134277	-1	0.127494	noncoding
MSTRG.65708.9	327	37	0.42272	5.791972923278809	1	0.0172802	noncoding
MSTRG.65839.4	4444	381	0.34295	6.144829368591308	1	0.999999	coding
MSTRG.66951.3	3296	120	0.33061	9.953032112121583	1	0.236504	noncoding
MSTRG.66951.6	98	18	0.37507	4.556577491760254	-1	0.0111901	noncoding
MSTRG.66951.7	100	16	0.42169	4.0500284194946286	1	0.0112277	noncoding
MSTRG.66951.8	920	52	0.34196000000000004	7.958702659606934	1	0.0179047	noncoding
MSTRG.68977.6	281	58	0.39903000000000005	7.732456016540527	1	0.0381168	noncoding
MSTRG.68977.7	233	22	0.47066	4.0500284194946286	1	0.0160224	noncoding
MSTRG.70371.1	133	16	0.40684	9.349672508239745	-1	0.0561478	noncoding
MSTRG.70371.6	127	0	0.41671	0.0	-1	0.0101622	noncoding
MSTRG.70430.1	1531	252	0.44618	7.028277778625487	1	0.999929	coding
MSTRG.70516.3	100	12	0.45743000000000006	6.49137668609619	1	0.00345687	noncoding
MSTRG.70516.4	100	21	0.45302999999999993	10.000867652893067	-1	0.0652098	noncoding
MSTRG.72574.2	3973	74	0.27517	6.023421287536621	1	0.0696955	noncoding
MSTRG.72574.4	963	46	0.3094	11.999967765808105	-1	0.164204	noncoding
MSTRG.72574.5	98	30	0.43699000000000005	4.512470436096191	-1	0.0169333	noncoding
MSTRG.72574.6	136	29	0.41712000000000005	6.49137668609619	-1	0.017252	noncoding
MSTRG.760.1	1570	206	0.40817	8.984201240539551	1	0.992882	coding
MSTRG.760.3	4200	650	0.38401	9.135379600524903	1	1	coding
MSTRG.760.4	80	12	0.44989999999999997	11.999967765808105	1	0.014759	noncoding
MSTRG.760.6	151	30	0.41785999999999995	6.2479352951049805	-1	0.0165522	noncoding
MSTRG.760.7	277	41	0.40375	6.233270835876465	1	0.0167508	noncoding
MSTRG.760.8	5857	104	0.32213	6.271409797668457	1	0.214304	noncoding
MSTRG.760.9	99	18	0.41615	10.266412925720214	1	0.0105057	noncoding
MSTRG.76635.1	3127	188	0.3319	9.191724967956542	1	0.841202	coding
MSTRG.76635.2	100	10	0.38236	5.2745676040649405	1	0.00279125	noncoding
MSTRG.76635.3	83	13	0.32199999999999995	8.343578910827638	-1	0.094314	noncoding
MSTRG.76635.4	1395	104	0.34521	9.515743064880368	1	0.176989	noncoding
MSTRG.76875.1	4284	392	0.36165	5.787653160095215	1	1	coding
MSTRG.77842.4	920	211	0.41416000000000003	8.949194908142093	1	0.995528	coding
MSTRG.77859.1	4140	501	0.33443	9.0882532119751	1	1	coding
MSTRG.77859.3	1143	179	0.48042	4.0500284194946286	1	0.998686	coding
MSTRG.77859.4	70	3	0.47692999999999997	8.500108146667483	-1	0.0207695	noncoding
MSTRG.77859.5	204	48	0.44709999999999994	11.782644844055177	1	0.0729472	noncoding
MSTRG.77859.6	357	85	0.44825	6.2861310958862315	-1	0.0400072	noncoding
MSTRG.83446.2	125	0	0.4334	0.0	-1	0.0232839	noncoding
MSTRG.83446.3	3269	973	0.4708	7.024810600280761	1	1	coding
MSTRG.87823.3	642	51	0.3799	8.78905544281006	1	0.0254663	noncoding
MSTRG.87823.5	758	60	0.3920199999999999	4.290229988098145	1	0.118708	noncoding
MSTRG.87899.2	8917	584	0.31909	9.330976676940917	1	1	coding
MSTRG.87899.8	97	0	0.44059	0.0	-1	0.0328102	noncoding
MSTRG.89986.5	435	8	0.34147	5.274794960021972	1	1.46546e-05	noncoding
MSTRG.99943.3	109	36	0.40119	10.332235145568848	-1	0.108599	noncoding
